INT	STRING	STRING	INT	INT	INT	INT	INT	INT
ID	特性名称$1$	图标	C-phy	C-magic	C-cold	C-fire	C-light	C-poison
0	少林		57500	15000	1000000	1000000	1500000	1000000
1	明教		57500	15000	1000000	1500000	1000000	1000000
2	丐		57500	15000	1000000	1250000	1000000	1300000
3	武		3875	71250	1250000	1200000	1100000	1000000
4	峨嵋		3875	71250	1200000	1000000	1250000	1000000
5	星宿		3875	71250	1000000	1000000	1000000	1500000
6	大理		43750	43750	1150000	1150000	1150000	1150000
7	天山		57500	15000	1500000	1000000	1000000	1000000
8	逍b		3875	71250	1000000	1300000	1000000	1250000
9			3875	71250	1000000	1000000	1500000	1000000
10	NPC		63750	63750	1000000	1000000	1000000	1000000
11	外功攻粜物：F骨PP，健威猛，以帕σL	PetAttack_Type1	52900	13800	1000000	1000000	1000000	1000000
12	裙攻粜物：冥思S猓道法自然，以攘	PetAttack_Type2	3565	65550	1000000	1000000	1000000	1000000
13	平衡攻粜物：平衡l展，博癖L，mo特L亦o破`	PetAttack_Type3	40250	40250	1000000	1000000	1000000	1000000
