INT	INT	INT	INT
宝石ID	雕琢后宝石ID	需要物品ID	需要金钱
50102001	50102005	30900026	10000
50102002	50102006	30900026	10000
50102003	50102007	30900026	10000
50102004	50102008	30900026	10000
50112001	50112005	30900026	10000
50112002	50112006	30900026	10000
50112003	50112007	30900026	10000
50112004	50112008	30900026	10000
50202001	50202005	30900027	20000
50202002	50202006	30900027	20000
50202003	50202007	30900027	20000
50202004	50202008	30900027	20000
50212001	50212005	30900027	20000
50212002	50212006	30900027	20000
50212003	50212007	30900027	20000
50212004	50212008	30900027	20000
50302001	50302005	30900028	30000
50302002	50302006	30900028	30000
50302003	50302007	30900028	30000
50302004	50302008	30900028	30000
50312001	50312005	30900028	30000
50312002	50312006	30900028	30000
50312003	50312007	30900028	30000
50312004	50312008	30900028	30000
50402001	50402005	30900029	40000
50402002	50402006	30900029	40000
50402003	50402007	30900029	40000
50402004	50402008	30900029	40000
50412001	50412005	30900029	40000
50412002	50412006	30900029	40000
50412003	50412007	30900029	40000
50412004	50412008	30900029	40000
50502001	50502005	30900030	50000
50502002	50502006	30900030	50000
50502003	50502007	30900030	50000
50502004	50502008	30900030	50000
50512001	50512005	30900030	50000
50512002	50512006	30900030	50000
50512003	50512007	30900030	50000
50512004	50512008	30900030	50000
50602001	50602005	30900031	60000
50602002	50602006	30900031	60000
50602003	50602007	30900031	60000
50602004	50602008	30900031	60000
50612001	50612005	30900031	60000
50612002	50612006	30900031	60000
50612003	50612007	30900031	60000
50612004	50612008	30900031	60000
50702001	50702005	30900032	70000
50702002	50702006	30900032	70000
50702003	50702007	30900032	70000
50702004	50702008	30900032	70000
50712001	50712005	30900032	70000
50712002	50712006	30900032	70000
50712003	50712007	30900032	70000
50712004	50712008	30900032	70000
50802001	50802005	30900033	80000
50802002	50802006	30900033	80000
50802003	50802007	30900033	80000
50802004	50802008	30900033	80000
50812001	50812005	30900033	80000
50812002	50812006	30900033	80000
50812003	50812007	30900033	80000
50812004	50812008	30900033	80000
50902001	50902005	30900034	90000
50902002	50902006	30900034	90000
50902003	50902007	30900034	90000
50902004	50902008	30900034	90000
50912001	50912005	30900034	90000
50912002	50912006	30900034	90000
50912003	50912007	30900034	90000
50912004	50912008	30900034	90000
#Chn nguyn
30010000	30010000	30010000	90000
30010001	30010001	30010001	90000
30010002	30010002	30010002	90000
30010003	30010003	30010003	90000
30010004	30010004	30010004	90000
30010005	30010005	30010005	90000
30010006	30010006	30010006	90000
30010007	30010007	30010007	90000
30010008	30010008	30010008	90000
30010009	30010009	30010009	90000
30010010	30010010	30010010	90000
30010011	30010011	30010011	90000
30010012	30010012	30010012	90000
30010013	30010013	30010013	90000
30010014	30010014	30010014	90000
30010015	30010015	30010015	90000
30010016	30010016	30010016	90000
30010017	30010017	30010017	90000
30010018	30010018	30010018	90000
30010019	30010019	30010019	90000
30010020	30010020	30010020	90000
30010021	30010021	30010021	90000
30010022	30010022	30010022	90000
30010023	30010023	30010023	90000
30010024	30010024	30010024	90000
30010025	30010025	30010025	90000
30010026	30010026	30010026	90000
30010027	30010027	30010027	90000
30010028	30010028	30010028	90000
30010029	30010029	30010029	90000
30010030	30010030	30010030	90000
30010031	30010031	30010031	90000
30010032	30010032	30010032	90000
30010033	30010033	30010033	90000
30010034	30010034	30010034	90000
30010035	30010035	30010035	90000
30010036	30010036	30010036	90000
30010037	30010037	30010037	90000
30010038	30010038	30010038	90000
30010039	30010039	30010039	90000
30010040	30010040	30010040	90000
30010041	30010041	30010041	90000
30010042	30010042	30010042	90000
30010043	30010043	30010043	90000
30010044	30010044	30010044	90000
30010045	30010045	30010045	90000
30010046	30010046	30010046	90000
30010047	30010047	30010047	90000
30010048	30010048	30010048	90000
30010049	30010049	30010049	90000
30010050	30010050	30010050	90000
30010051	30010051	30010051	90000
30010052	30010052	30010052	90000
30010053	30010053	30010053	90000
30010054	30010054	30010054	90000
30010055	30010055	30010055	90000
30010056	30010056	30010056	90000
30010057	30010057	30010057	90000
30010058	30010058	30010058	90000
30010059	30010059	30010059	90000
30010060	30010060	30010060	90000
30010061	30010061	30010061	90000
30010062	30010062	30010062	90000
30010063	30010063	30010063	90000
30010064	30010064	30010064	90000
30010065	30010065	30010065	90000
30010066	30010066	30010066	90000
30010067	30010067	30010067	90000
30010068	30010068	30010068	90000
30010069	30010069	30010069	90000
30010070	30010070	30010070	90000
30010071	30010071	30010071	90000
30010072	30010072	30010072	90000
30010073	30010073	30010073	90000
30010074	30010074	30010074	90000
30010075	30010075	30010075	90000
30010076	30010076	30010076	90000
30010077	30010077	30010077	90000
30010078	30010078	30010078	90000
30010079	30010079	30010079	90000

30010101	30010101	30010101	90000
30010102	30010102	30010102	90000
30010103	30010103	30010103	90000
30010104	30010104	30010104	90000
30010105	30010105	30010105	90000
30010111	30010111	30010111	90000
30010112	30010112	30010112	90000
30010113	30010113	30010113	90000
30010114	30010114	30010114	90000
30010115	30010115	30010115	90000
30010121	30010121	30010121	90000
30010122	30010122	30010122	90000
30010123	30010123	30010123	90000
30010124	30010124	30010124	90000
30010125	30010125	30010125	90000
30010131	30010131	30010131	90000
30010132	30010132	30010132	90000
30010133	30010133	30010133	90000
30010134	30010134	30010134	90000
30010135	30010135	30010135	90000
#item pet
30000501	30000501	30000501	90000
30000502	30000502	30000502	90000
30000503	30000503	30000503	90000
30000504	30000504	30000504	90000
30000505	30000505	30000505	90000
30000506	30000506	30000506	90000
30000507	30000507	30000507	90000
30000508	30000508	30000508	90000
30000509	30000509	30000509	90000
30000510	30000510	30000510	90000
30000511	30000511	30000511	90000
30000512	30000512	30000512	90000
30000513	30000513	30000513	90000
30000514	30000514	30000514	90000
30000515	30000515	30000515	90000
30000516	30000516	30000516	90000
30000517	30000517	30000517	90000
30000518	30000518	30000518	90000
30000519	30000519	30000519	90000
30000520	30000520	30000520	90000
30000521	30000521	30000521	90000
30000522	30000522	30000522	90000
30000523	30000523	30000523	90000
30000524	30000524	30000524	90000
30000525	30000525	30000525	90000
30000526	30000526	30000526	90000
30000527	30000527	30000527	90000
30000528	30000528	30000528	90000
30000529	30000529	30000529	90000
30000530	30000530	30000530	90000
30000531	30000531	30000531	90000
30000532	30000532	30000532	90000
30000533	30000533	30000533	90000
30000534	30000534	30000534	90000
30000535	30000535	30000535	90000
30000536	30000536	30000536	90000
30000537	30000537	30000537	90000
30000538	30000538	30000538	90000
30000539	30000539	30000539	90000
30000540	30000540	30000540	90000
30000541	30000541	30000541	90000
30000542	30000542	30000542	90000
30000543	30000543	30000543	90000
30000544	30000544	30000544	90000
30000545	30000545	30000545	90000
30000546	30000546	30000546	90000
30000547	30000547	30000547	90000
30000548	30000548	30000548	90000
30000549	30000549	30000549	90000
30000550	30000550	30000550	90000
#end
